%YAML:1.0
---
camera_matrix: !!opencv-matrix
   rows: 3
   cols: 3
   dt: d
   data: [ 2261.069323740363, 0., 1863.9372580597499, 0.,
       2250.41987779591, 1139.0976492793607, 0., 0., 1. ]
dist_coeffs: !!opencv-matrix
   rows: 1
   cols: 5
   dt: d
   data: [ 0.21694025723283522, -0.68209764944492468,
       0.0020615617282577423, 0.0038969459977748816, 0.58634862101373153 ]
rvecs: !!opencv-matrix
   rows: 9
   cols: 3
   dt: d
   data: [ -0.25003420147334054, 0.44725282124042087, 1.1329901030791574,
       0.70543128933153676, -0.50653840445131215, 1.3622014623338115,
       -0.63488152655623864, 0.89998985600308568, 1.3842776423381173,
       -0.49159756061245552, 0.4158213202222244, 0.51268258369725961,
       0.64079521461935873, -0.73625244045475502, 1.4283450715009138,
       -0.53138409271052589, -0.14465743642244899, 0.53139547691801425,
       -0.80448517267279862, 0.18079449832566646, 1.275945109020987,
       -0.431418749559902, 0.61711223626149636, 0.8259224792112444,
       -0.40458105783880444, -0.085175250722172899, 0.95881978715417127 ]
tvecs: !!opencv-matrix
   rows: 9
   cols: 3
   dt: d
   data: [ 1.5899824486512484, -5.4536577103936477, 29.935170418954328,
       2.7674394128501438, -2.6045105562090409, 9.5165115835738643,
       6.6492247322453384, -1.6128177717452779, 32.625409719683148,
       9.6685582097541012, -3.7171146826246471, 24.90201372309917,
       1.6933265023341062, -1.8889737913538347, 8.8001895983862344,
       0.11368734117396084, -3.9719809434861126, 35.449969617503974,
       -18.194800945470391, -0.79497260096448186, 41.7657202961366,
       15.467646017298344, -7.6758997009474212, 43.861816261831649,
       12.84950478937907, -0.9416506566646794, 26.953277252062517 ]
