%YAML:1.0
---
camera_matrix: !!opencv-matrix
   rows: 3
   cols: 3
   dt: d
   data: [ 1143.5182009728128, 0., 905.59885940791685, 0.,
       1136.1869857020602, 567.58345032536192, 0., 0., 1. ]
dist_coeffs: !!opencv-matrix
   rows: 1
   cols: 5
   dt: d
   data: [ 0.26171853703155645, -0.99592596726839022,
       -0.0027840126345415935, -0.0051595494146398071,
       1.4978923098933941 ]
