%YAML:1.0
---
camera_matrix: !!opencv-matrix
   rows: 3
   cols: 3
   dt: d
   data: [ 720.71280039440728, 0., 633.23484468735296, 0.,
       727.06575009878202, 379.8089043332497, 0., 0., 1. ]
dist_coeffs: !!opencv-matrix
   rows: 1
   cols: 5
   dt: d
   data: [ 0.10110110300206951, -0.055014617527461979,
       -0.0048620137976082434, 0.0048748129121031977,
       -0.17748038702835756 ]